4294967278,31
4294967278,30
4294967278,29
4294967278,28
4294967278,39
4294967278,38
4294967278,37
4294967278,36
4294967278,35
4294967278,34
4294967278,33
4294967278,32
4294967279,313
4294967278,174
4294967278,405
4294967278,260
4294967278,60
4294967278,59
4294967278,58
4294967278,57
4294967278,56
4294967278,55
4294967278,54
4294967278,53
4294967278,52
4294967278,51
4294967278,50
4294967278,49
4294967278,48
4294967278,47
4294967278,46
4294967278,45
4294967278,44
4294967278,43
4294967278,42
4294967278,41
4294967278,40
4294967279,548
4294967279,83
4294967279,547
4294967279,565
4294967279,81
4294967279,77
4294967279,76
4294967279,321
4294967279,75
4294967279,74
4294967279,562
4294967279,73
4294967279,71
4294967279,69
4294967279,68
4294967279,67
4294967279,66
4294967279,65
4294967279,63
4294967279,62
4294967279,60
4294967279,57
4294967279,56
4294967279,55
4294967279,54
4294967279,52
4294967279,48
4294967279,47
4294967279,46
4294967279,45
4294967279,43
4294967279,41
4294967279,40
4294967279,38
4294967279,35
4294967279,32
4294967279,30
4294967279,29
4294967279,27
4294967279,26
4294967279,25
4294967279,23
4294967279,22
4294967279,20
4294967279,18
4294967279,17
4294967279,16
4294967279,13
4294967279,12
4294967279,11
4294967279,10
4294967279,37
4294967279,148
4294967279,147
4294967279,146
4294967279,145
4294967279,142
4294967279,140
4294967279,277
4294967279,292
4294967279,135
4294967279,291
4294967279,328
4294967279,274
4294967279,273
4294967279,271
4294967279,290
4294967279,269
4294967279,268
4294967279,266
4294967279,282
4294967279,259
4294967278,433
4294967279,279
4294967278,426
4294967279,524
4294967279,370
4294967278,258
4294967278,256
370,6
370,5
4294967278,255
370,4
370,3
370,2
370,1
4294967278,253
4294967278,248
4294967278,235
4294967278,246
4294967278,243
4294967278,241
4294967278,242
4294967278,239
4294967279,335
4294967278,232
4294967278,236
4294967278,234
4294967294,176
4294967294,206
4294967278,230
4294967278,228
4294967278,227
4294967278,226
4294967278,420
4294967294,1424
4294967278,274
4294967294,1425
4294967278,216
4294967278,330
4294967278,215
4294967278,213
367,6
367,5
4294967278,212
367,4
367,3
367,2
367,1
4294967278,211
4294967294,387
4294967278,363
4294967278,388
4294967278,206
4294967278,205
4294967278,395
4294967278,204
4294967278,200
4294967278,202
4294967278,201
4294967294,390
4294967294,114
4294967278,199
4294967278,198
4294967278,197
4294967279,196
4294967279,197
4294967278,195
364,6
4294967279,564
4294967278,193
364,5
4294967294,107
4294967278,191
364,4
364,3
364,2
364,1
4294967278,190
4294967279,191
4294967278,189
4294967294,99
4294967278,373
4294967294,5
4294967278,372
4294967294,394
4294967294,389
4294967294,427
4294967294,120
4294967294,396
4294967294,1153
4294967294,210
4294967294,409
4294967294,399
4294967294,401
4294967294,468
4294967294,466
4294967294,160
4294967278,186
4294967278,359
4294967278,185
4294967294,38
4294967294,37
4294967294,53
4294967294,52
4294967294,255
4294967294,225
4294967294,92
4294967294,90
4294967294,88
4294967294,86
4294967294,85
4294967278,356
4294967294,40
4294967294,43
4294967294,419
4294967278,184
4294967278,370
4294967294,42
4294967278,183
4294967294,1155
4294967278,132
4294967278,130
4294967278,129
4294967278,127
4294967278,123
4294967278,122
4294967278,121
4294967278,120
4294967278,119
4294967278,118
4294967278,117
4294967278,116
4294967278,115
4294967278,409
4294967278,114
4294967278,233
4294967278,113
4294967278,112
4294967278,421
4294967278,111
4294967278,110
4294967278,109
4294967278,108
4294967278,107
4294967278,403
4294967278,106
4294967278,105
4294967278,104
4294967278,103
4294967278,102
4294967278,101
4294967278,386
4294967278,100
4294967278,99
4294967278,98
4294967278,329
4294967278,97
4294967278,96
4294967278,95
4294967278,328
4294967278,94
4294967278,93
4294967278,92
4294967278,91
4294967278,90
4294967278,89
4294967278,326
4294967278,87
4294967278,86
4294967278,380
4294967278,85
4294967278,84
4294967278,83
4294967278,82
4294967278,324
4294967278,81
4294967278,80
4294967278,79
4294967278,78
4294967278,77
4294967278,76
4294967278,75
4294967278,74
4294967278,73
4294967278,72
4294967278,71
4294967278,70
4294967278,423
4294967278,68
4294967278,67
4294967278,66
4294967278,65
4294967278,61
4294967278,346
4294967278,69
4294967279,84
4294967279,82
4294967279,80
4294967279,546
4294967279,79
4294967279,78
4294967279,513
4294967279,72
4294967279,319
4294967279,70
4294967279,61
4294967279,536
4294967279,59
4294967279,362
4294967279,58
4294967279,532
4294967279,53
4294967279,51
4294967279,361
4294967279,44
4294967279,42
4294967279,326
4294967279,358
4294967279,36
4294967279,34
4294967279,311
4294967279,33
4294967279,345
4294967279,31
4294967279,28
4294967279,24
4294967279,21
4294967279,19
4294967278,358
4294967279,9
4294967279,7
4294967279,5
4294967279,4
4294967278,181
4294967278,178
4294967279,182
363,6
4294967278,180
363,5
4294967279,181
363,4
4294967278,179
363,3
363,2
363,1
4294967278,354
4294967279,180
4294967278,64
4294967278,411
4294967279,64
4294967278,63
